50
1 0 30 50
1
2 0 30 50
1 1
1 0 30 50
3
1 0 30 50
1 1 1
4 0 30 50
1 1 1 1
5 0 30 50
1 1 1 1 1
1 0 30 50
6
1 0 30 50
1 1 1 1 1 1
1 0 30 50
7
1 0 30 50
1 1 1 1 1 1 1 1
1 0 30 50
8
1 0 30 50
1 1 1 1 1 1 1 1
1 0 30 50
1
1 0 30 50
1
1 0 30 50
1
1 0 30 50
1
1 0 30 50
1
1 0 30 50
1
1 0 30 50
1
1 0 30 50
1
1 0 30 50
1
1 0 30 50
1
1 0 30 50
1
1 0 30 50
1
1 0 30 50
1
1 0 30 50
1
1 0 30 50
1
1 0 30 50
1
1 0 30 50
1
1 0 30 50
1
1 0 30 50
1
1 0 30 50
1
1 0 30 50
1
1 0 30 50
1
1 0 30 50
1
1 0 30 50
1
1 0 30 50
1
1 0 30 50
1
1 0 30 50
1
1 0 30 50
1
1 0 30 50
1
1 0 30 50
1
1 0 30 50
1
1 0 30 50
1
1 0 30 50
1
1 0 30 50
1
1 0 30 50
1
1 0 30 50
1
1 0 30 50
1
1 0 30 50
1
