50
11 8 38
269 501 998 992 904 763 254 591 869 843 683
39 5 18
352 566 497 252 486 565 115 585 414 864 23 389 308 546 586 973 418 573 193 416 566 815 179 538 406 766 381 807 194 510 894 264 76 111 515 281 675 630 865
18 6 23
914 520 433 501 493 570 792 404 985 77 219 883 334 343 649 714 151 561
96 7 8
737 592 340 18 267 688 601 75 900 488 988 421 639 208 632 209 719 37 913 795 973 515 129 317 882 562 186 444 223 667 269 678 260 327 414 245 16 15 38 915 221 745 55 860 952 687 787 390 442 419 904 134 933 751 169 816 32 354 978 255 740 247 651 999 292 66 244 307 80 282 941 301 745 714 879 416 120 385 806 561 804 710 414 456 461 582 272 212 936 968 466 395 933 117 394 226
87 5 46
980 356 192 999 101 906 597 517 26 981 323 306 785 751 719 960 930 301 232 142 955 201 326 350 134 162 462 78 62 818 329 760 892 520 478 993 145 75 229 889 57 270 195 560 21 632 520 669 651 471 530 607 390 574 675 242 454 856 320 516 393 648 994 285 886 473 996 32 266 225 920 322 494 833 601 233 465 121 621 116 310 151 441 699 443 835 660
96 7 9
132 802 346 126 87 232 317 84 981 583 27 901 623 521 453 224 472 917 345 93 752 373 961 911 73 405 746 732 21 156 430 152 957 775 277 763 725 313 565 707 895 591 327 518 830 499 742 303 135 805 114 886 178 794 517 968 917 981 419 937 138 848 89 813 342 84 295 786 396 859 212 10 170 257 528 999 755 988 21 890 793 135 495 689 928 12 377 845 993 795 501 849 363 589 381 423
73 1 19
787 254 420 515 423 396 43 423 151 749 443 41 261 296 536 950 942 266 327 506 977 840 7 826 203 314 926 345 705 602 553 211 574 692 725 997 88 487 139 238 236 300 997 497 596 252 166 538 236 211 45 214 51 769 40 972 84 965 317 788 286 588 717 860 280 442 576 86 647 714 43 883 14
16 9 1
10 264 585 245 474 348 458 243 117 217 215 200 900 531 706 187
24 9 31
118 584 60 204 231 773 246 832 505 4 930 833 13 912 137 975 386 484 434 629 600 369 562 519
8 4 29
174 931 367 938 49 669 997 970
6 3 8
451 994 937 100 546 949
73 7 29
117 166 78 745 484 446 308 3 714 120 946 888 51 32 545 817 700 262 788 318 469 722 487 182 660 587 727 328 318 128 971 434 12 767 898 215 213 924 217 646 762 881 253 531 912 516 348 331 496 854 368 965 296 854 147 955 160 593 2 477 439 692 630 451 459 247 665 672 171 600 37 932 482
82 4 7
523 529 163 20 384 530 984 679 103 849 353 263 442 73 458 881 764 806 51 224 53 434 614 941 34 650 592 234 657 773 66 898 303 228 917 405 476 620 802 578 189 873 559 630 945 18 230 710 542 998 652 595 432 266 255 185 634 847 418 10 620 202 907 641 429 544 46 904 882 566 202 71 439 760 420 104 777 368 532 39 367 184
96 4 26
606 701 520 453 838 248 74 40 873 433 188 417 479 810 300 763 12 89 203 772 508 306 268 876 556 306 243 739 657 759 625 264 180 145 435 18 111 227 775 983 660 962 120 139 773 138 901 503 226 822 993 734 846 262 610 402 286 571 859 662 49 484 644 228 347 79 963 457 306 739 441 965 420 560 822 911 697 442 415 641 265 408 375 829 388 703 232 393 992 809 55 42 294 698 987 640
44 4 22
800 128 975 765 547 535 587 459 950 748 592 591 13 718 685 560 107 388 510 499 381 320 272 141 613 688 846 971 464 516 506 265 643 481 748 909 16 55 368 684 802 959 276 533
65 6 43
502 67 603 719 166 922 709 25 254 397 871 943 861 106 450 844 468 930 592 377 665 365 463 349 167 141 343 699 536 22 792 757 89 114 476 254 36 186 279 8 301 868 950 162 692 400 724 160 331 36 255 995 400 717 63 567 576 406 984 113 427 776 869 515 889
61 2 25
967 485 650 269 72 601 149 763 719 592 923 50 627 896 763 745 333 826 31 908 950 16 739 377 791 327 611 400 391 817 761 77 302 412 64 373 731 213 136 450 523 777 219 150 674 700 613 7 245 644 633 195 659 373 291 169 699 901 287 808 718
55 1 5
179 667 829 909 598 964 78 121 461 15 988 853 715 602 578 959 246 211 873 904 302 164 791 720 65 79 528 501 127 850 957 305 518 786 932 834 750 728 955 929 743 943 782 177 264 360 854 509 290 727 132 591 890 923 311
73 9 43
892 846 408 849 869 644 635 520 479 105 966 153 34 709 96 535 604 79 613 459 587 902 186 438 213 795 80 523 468 799 81 80 645 208 928 233 851 564 752 330 387 437 201 420 147 16 673 469 94 287 927 399 907 832 836 120 627 915 362 813 714 161 892 78 368 540 310 220 822 780 268 209 218
28 5 42
484 21 270 296 26 198 694 932 748 531 771 375 165 133 906 879 293 518 675 380 58 704 599 598 203 585 806 139
73 9 16
974 173 210 270 916 407 683 849 155 214 339 248 97 471 872 694 482 390 370 861 166 74 179 763 994 483 288 134 255 441 73 948 332 282 936 249 407 619 816 561 551 155 527 648 344 400 342 544 508 430 406 393 222 303 874 217 785 163 350 759 322 141 707 653 423 362 620 829 981 436 110 251 309
99 5 41
36 959 915 263 108 40 655 330 342 529 546 128 691 614 886 13 754 312 385 895 673 5 725 373 160 553 624 187 189 959 558 943 918 192 206 745 231 579 75 291 108 339 418 518 671 23 249 425 334 352 40 726 76 483 99 235 36 441 421 224 401 697 885 38 607 809 782 837 388 575 129 215 913 265 732 584 288 699 728 340 770 486 66 845 968 883 80 4 324 219 945 443 635 831 200 242 640 981 798
89 6 37
961 907 909 412 211 915 111 938 256 880 143 321 725 111 204 523 114 247 461 777 689 96 608 888 337 967 589 853 714 864 498 675 490 408 87 700 42 915 357 297 515 499 618 240 609 540 482 441 786 942 219 195 38 545 801 93 512 109 946 944 691 163 619 182 570 424 881 331 340 239 627 854 737 963 812 66 504 13 506 9 954 443 921 710 988 723 803 219 831
63 2 9
630 501 704 919 644 585 250 983 542 876 556 280 559 87 345 63 100 569 789 54 731 711 764 719 434 286 656 983 753 538 506 102 758 928 21 402 233 270 104 774 865 659 54 424 745 117 205 844 405 993 898 136 423 381 573 575 666 229 559 138 486 783 239
79 8 39
364 663 248 467 437 831 126 210 973 589 45 896 153 449 609 769 584 32 150 157 607 534 105 884 671 309 667 628 271 98 606 634 479 573 101 916 123 944 844 97 252 888 992 404 338 601 173 640 352 41 797 958 574 620 842 963 928 228 592 199 45 198 832 523 489 651 158 612 314 2 708 284 609 419 688 946 739 579 586
49 8 33
767 194 721 328 876 649 555 468 566 318 384 117 560 592 767 717 204 799 438 630 84 47 49 490 992 506 787 297 596 407 118 82 320 838 409 196 207 683 382 491 1 484 608 560 76 375 996 279 893
8 6 15
199 395 903 909 900 690 206 216
74 8 14
136 880 706 50 805 389 431 296 108 633 903 668 709 997 383 706 609 535 334 304 733 728 207 642 347 615 566 562 431 889 859 566 488 565 615 12 953 764 307 61 117 929 447 544 645 548 250 254 83 302 557 815 748 482 457 96 815 24 657 247 631 516 812 837 799 147 848 471 629 873 251 464 802 697
5 6 42
976 419 47 278 694
23 7 49
756 840 991 498 216 956 129 451 487 684 250 633 251 721 981 125 971 445 645 387 172 811 70
85 5 24
144 924 416 888 818 172 447 528 670 663 484 517 832 971 920 800 323 171 521 23 295 211 468 940 317 639 470 105 505 699 939 648 342 355 537 161 527 983 407 915 365 891 432 197 581 352 997 903 242 237 926 536 167 113 195 202 470 664 306 974 83 246 622 424 319 877 303 845 580 710 479 944 320 630 860 900 700 576 522 941 531 167 478 697 997
82 5 20
774 642 160 575 606 501 717 924 378 21 489 957 449 967 621 768 597 481 387 298 57 627 239 587 794 435 4 791 545 339 977 319 980 137 612 586 356 329 511 734 68 718 410 516 685 31 3 283 230 108 299 286 735 537 592 529 691 314 39 236 652 16 273 352 871 884 656 227 213 167 679 281 603 808 515 289 838 518 290 69 625 588
4 7 30
383 607 534 696
74 2 3
380 760 419 969 363 75 915 576 960 313 575 563 121 808 570 959 45 859 746 389 447 818 467 291 920 793 543 616 158 32 402 256 791 539 226 155 614 859 449 293 172 742 574 12 550 145 689 314 4 435 702 170 971 169 460 610 961 3 227 119 34 347 375 544 886 319 417 219 896 865 511 786 326 803
56 9 14
486 907 670 639 609 839 330 778 299 939 458 20 884 577 772 232 670 316 836 707 732 55 603 316 565 389 360 368 905 953 35 110 861 704 468 470 543 516 966 560 174 425 579 59 720 70 9 390 385 563 97 835 617 418 869 900
89 4 16
430 183 21 540 762 443 8 232 985 523 199 264 696 342 843 473 62 631 200 451 17 762 266 570 379 683 159 997 208 387 984 638 288 5 896 50 448 903 1 152 145 917 416 840 259 977 33 320 608 950 489 343 713 754 913 810 156 790 808 363 177 792 719 184 515 615 951 962 237 951 833 381 868 249 940 127 944 691 165 271 641 653 614 354 407 246 883 281 36
58 3 27
202 82 832 716 416 784 398 371 454 231 752 323 198 411 168 142 102 52 412 461 704 744 815 830 989 417 111 743 108 473 393 309 274 225 25 408 9 422 778 463 371 530 504 568 659 390 428 479 441 559 940 864 303 474 694 12 890 523
20 7 7
865 25 988 91 767 396 817 190 174 998 279 423 502 847 82 611 275 280 52 833
13 4 25
693 328 585 583 851 58 299 566 923 323 273 732 90
65 9 1
560 548 277 982 768 842 783 379 117 781 150 669 1 783 243 412 830 827 994 400 603 12 684 526 334 956 258 142 624 526 858 902 792 135 604 560 976 106 658 811 886 807 199 886 309 160 298 857 986 11 257 590 22 940 834 74 615 811 933 957 56 791 860 847 644
95 2 10
569 65 151 455 590 68 60 618 228 76 475 932 86 451 241 825 110 76 898 725 605 831 401 660 342 261 507 985 443 632 325 730 416 194 903 6 979 962 342 207 38 536 858 841 705 99 666 814 892 283 258 497 115 659 875 175 638 382 160 82 733 203 530 149 115 434 872 95 115 215 20 871 750 877 712 455 695 98 987 587 380 246 803 213 623 397 387 979 498 266 61 231 468 310 379
37 5 7
396 576 465 415 447 933 12 878 107 706 975 95 12 74 59 533 287 400 930 392 379 428 657 159 658 126 468 37 427 929 6 822 505 471 955 952 123
72 9 3
391 243 43 403 316 101 654 321 219 584 713 597 730 370 755 388 214 941 143 359 870 149 899 376 338 855 47 179 821 314 408 213 556 169 334 590 987 987 911 206 572 343 522 21 431 277 409 364 937 270 722 807 137 622 901 193 477 666 372 17 698 498 947 254 667 281 563 373 987 474 579 278
64 2 2
965 96 706 48 33 695 770 559 550 111 179 743 306 564 833 322 262 331 988 516 716 269 797 90 256 271 387 533 524 487 831 208 301 256 256 53 669 26 611 220 854 508 681 160 72 514 200 334 563 188 568 998 176 365 806 150 354 193 402 596 398 233 803 417
21 5 38
595 802 798 814 656 307 495 534 378 727 734 430 290 640 716 288 815 799 812 965 871
41 5 43
121 37 271 538 243 329 725 556 132 524 370 506 830 583 41 926 29 493 76 319 133 791 325 667 591 138 351 181 860 436 648 700 472 918 956 433 965 681 989 97 205
84 7 46
380 362 680 408 854 755 445 705 265 489 91 574 345 441 755 923 876 403 623 67 40 298 500 5 979 208 102 902 285 423 656 383 503 55 791 76 809 954 499 792 443 590 367 787 31 840 711 626 243 53 411 282 351 910 286 49 836 106 950 840 247 606 223 468 379 732 543 188 687 761 699 130 351 784 636 381 624 66 725 585 118 137 866 468
99 6 9
602 695 186 442 660 510 664 847 889 397 109 795 802 869 494 931 220 278 286 320 620 351 45 205 469 181 789 655 665 660 890 267 74 794 708 452 304 91 299 193 206 408 707 8 277 919 658 497 198 943 535 817 295 579 741 482 479 530 855 144 908 464 410 981 258 836 434 281 645 451 192 851 858 898 858 854 818 235 351 734 179 885 270 192 183 11 392 661 541 965 523 449 430 651 150 406 487 302 686
59 5 45
702 611 776 279 184 313 514 253 47 411 856 317 321 39 46 431 419 586 396 941 754 825 312 903 232 517 205 636 368 956 514 70 286 10 349 469 322 581 721 88 710 577 123 31 335 168 180 753 754 575 413 508 120 724 411 70 242 334 705
42 2 17
398 295 947 465 763 269 46 204 75 755 499 197 504 833 365 683 586 837 976 718 64 96 442 474 165 402 526 589 12 815 808 409 828 474 873 311 461 637 514 536 111 13
